Line   OP  L  M
----------------
 00   JMP  0  10
 01   JMP  0  2
 02   INC  0  6
 03   LIT  0  13
 04   STO  0  4
 05   LIT  0  1
 06   STO  1  4
 07   LIT  0  7
 08   STO  0  5
 09   OPR  0  0
 10   INC  0  6
 11   LIT  0  3
 12   STO  0  4
 13   LIT  0  0
 14   STO  0  5
 15   CAL  0  2
 16   SIO  0  2

Line  OP  L  M  pc  bp  sp     stack    
----------------------------------------
Init Values:    0   1   0               
00   JMP  0  10  10  1  0     
10   INC  0  6  11  1  6     0 0 0 0 0 0 
11   LIT  0  3  12  1  7     0 0 0 0 0 0 3 
12   STO  0  4  13  1  6     0 0 0 0 3 0 
13   LIT  0  0  14  1  7     0 0 0 0 3 0 0 
14   STO  0  5  15  1  6     0 0 0 0 3 0 
15   CAL  0  2  2  7  6     0 0 0 0 3 0 
02   INC  0  6  3  7  12     0 0 0 0 3 0 | 0 1 1 16 0 0 
03   LIT  0  13  4  7  13     0 0 0 0 3 0 | 0 1 1 16 0 0 13 
04   STO  0  4  5  7  12     0 0 0 0 3 0 | 0 1 1 16 13 0 
05   LIT  0  1  6  7  13     0 0 0 0 3 0 | 0 1 1 16 13 0 1 
06   STO  1  4  7  7  12     0 0 0 0 1 0 | 0 1 1 16 13 0 
07   LIT  0  7  8  7  13     0 0 0 0 1 0 | 0 1 1 16 13 0 7 
08   STO  0  5  9  7  12     0 0 0 0 1 0 | 0 1 1 16 13 7 
09   OPR  0  0  16  1  6     0 0 0 0 1 0 
16   SIO  0  2  17  1  6     0 0 0 0 1 0 
